86 1
312 1
310 1
46 2
107 1
116 2
57 1
316 1
173 1
251 2
246 1
239 3
238 2
318 3
115 4
373 4
37 2
118 2
290 1
34 5
209 2
132 4
140 2
270 2
344 3
102 6
179 6
368 7
218 5
56 4
19 5
17 5
95 8
348 3
236 1
230 9
42 10
347 6
299 8
220 4
38 9
137 1
232 3
165 3
369 7
341 3
54 2
196 5
241 1
201 8
319 11
78 4
325 12
80 6
297 10
306 8
127 3
154 9
163 13
171 9
189 5
205 10
224 11
53 1
377 7
375 13
55 6
353 3
144 6
97 11
47 12
106 14
350 9
352 11
130 9
139 10
355 1
333 1
146 10
358 13
159 2
174 2
250 15
243 8
365 7
366 7
378 7
327 2
58 3
74 12
339 14
234 15
121 16
119 3
124 14
362 2
192 8
27 12
161 1
11 13
8 1
149 13
3 10
148 14
49 17
219 12
216 11
263 11
147 5
122 10
256 6
76 17
261 14
129 18
138 1
286 11
285 2
276 9
267 12
363 13
152 15
329 5
64 18
346 17
66 14
96 15
214 2
99 2
45 17
320 16
300 4
41 16
70 17
296 19
294 20
248 21
252 22
254 16
326 15
28 6
364 7
208 1
331 18
361 4
184 11
52 8
87 19
33 3
302 20
308 21
77 15
50 17
279 19
92 17
228 23
229 4
211 8
84 22
233 24
105 3
13 2
245 23
176 4
274 14
75 23
359 16
264 19
135 1
79 22
155 21
281 4
244 6
295 24
167 14
82 16
328 4
191 20
367 7
226 17
160 17
157 10
370 25
100 9
262 20
175 10
273 19
16 22
193 1
203 9
68 1
14 12
104 1
90 26
227 18
23 21
166 18
168 1
128 25
343 22
258 24
289 12
35 23
292 21
253 13
117 5
345 22
351 27
21 27
185 1
349 19
242 28
385 15
311 29
288 23
269 20
354 3
284 2
268 18
255 26
298 25
283 13
108 10
183 3
181 14
177 14
12 21
101 26
202 25
24 20
221 14
125 26
32 18
142 1
61 4
337 26
59 27
182 18
114 9
170 15
158 16
301 28
30 29
172 6
360 8
29 30
109 15
247 31
212 16
231 32
207 11
71 30
235 5
315 2
334 26
94 28
195 5
210 21
141 7
282 9
376 7
330 31
72 32
379 2
91 30
265 4
162 3
164 19
169 24
4 4
36 31
98 22
126 5
178 28
133 8
81 27
111 14
215 26
48 28
324 26
223 32
340 33
206 29
150 19
266 11
260 8
194 2
7 16
187 2
305 15
322 20
307 34
60 24
336 33
51 9
197 2
237 35
180 4
9 14
18 35
151 9
213 24
22 2
25 16
225 22
356 31
136 2
287 27
222 21
381 5
69 2
1 25
380 3
2 4
374 36
372 36
15 29
338 9
63 13
357 1
43 21
321 30
85 6
145 21
317 27
89 37
134 9
257 10
156 5
123 32
249 29
112 1
26 19
113 17
293 22
153 33
44 6
40 1
20 22
131 22
271 12
278 29
143 25
10 30
383 7
371 36
190 30
342 27
204 23
313 2
314 3
240 38
83 4
275 4
382 8
199 30
188 3
6 6
186 12
259 31
323 32
39 38
291 16
120 33
62 9
110 19
93 34
67 12
309 4
198 30
335 25
332 34
200 25
73 26
88 32
384 36
217 37
65 19
5 32
277 34
304 39
303 40
103 29
31 13
272 25
280 14
